# EPPO per-brand retail price archive (category 455 "ราคาขายปลีกน้ำมัน"), files 2017-12-30 .. 2018-07-10
# (the archive ends on 10 Jul 2018). Collected 28 Sep 2026 from https://www.eppo.go.th/wp-content/uploads/2026/04/retail-YYYY-MM-DD.xls
# line = announce_date | source file | effective date per brand (days before announce_date, @HH:MM if not 05:00) | product=price*100 per brand
# brand order: ptt,bcp,shell,esso,caltex,irpc,pt,susco1,pure,susco2 ; 0 = not sold
2017-12-30|retail-2017-12-30.xls|0,0,0,0,0,0,0,0,0,0|gh95=2795,2795,0,2795,2795,2795,2795,2795,2795,2795;e20=2544,2544,2544,2544,2544,0,2544,2544,2544,2544;e85=2064,2064,0,0,0,0,0,2064,2064,0;gh91=2768,2768,2768,2768,2768,2768,2768,2768,2768,2768;gl95=3506,0,0,0,3551,0,3556,3506,3506,3506;ds=2719,2719,2719,2719,2719,2719,2719,2719,2719,2719;pds=3019,3106,3106,3106,3106,0,0,0,0,0
2018-01-09|retail-2018-01-09.xls|0,0,0,0,0,0,0,0,0,0|gh95=2795,2795,0,2795,2795,2795,2795,2795,2795,2795;e20=2544,2544,2584,2544,2544,0,2544,2544,2544,2544;e85=2064,2064,0,0,0,0,0,2064,2064,0;gh91=2768,2768,2808,2768,2768,2768,2768,2768,2768,2768;gl95=3506,0,0,0,3551,0,3556,3506,3506,3506;ds=2759,2759,2759,2759,2759,2759,2759,2759,2759,2759;pds=3059,3146,3146,3146,3146,0,0,0,0,0
2018-01-18|retail-2018-01-18.xls|0,0,1,0,0,0,0,0,0,0|gh95=2845,2845,0,2845,2845,2845,2845,2845,2845,2845;e20=2594,2594,2594,2594,2594,0,2594,2594,2594,2594;e85=2094,2094,0,0,0,0,0,2094,2094,0;gh91=2818,2818,2818,2818,2818,2818,2818,2818,2818,2818;gl95=3556,0,0,0,3601,0,3606,3556,3506,3556;ds=2759,2759,2759,2759,2759,2759,2759,2759,2759,2759;pds=3059,3146,3146,3146,3146,0,0,0,0,0
2018-01-27|retail-2018-01-27.xls|0,0,0,0,0,0,0,0,0,0|gh95=2845,2845,0,2845,2845,2845,2845,2845,2845,2845;e20=2594,2594,2594,2594,2594,0,2594,2594,2594,2594;e85=2094,2094,0,0,0,0,0,2094,2094,0;gh91=2818,2818,2828,2818,2818,2818,2818,2818,2818,2818;gl95=3556,0,0,0,3601,0,3606,3556,3506,3556;ds=2789,2789,2789,2789,2789,2789,2789,2789,2789,2789;pds=3089,3176,3176,3176,3176,0,0,0,0,0
2018-02-03|retail-2018-02-03.xls|0,0,7,0,0,0,0,0,7,0|gh95=2845,2845,0,2845,2845,2845,2845,2845,2845,2845;e20=2594,2594,2594,2594,2594,0,2594,2594,2594,2594;e85=2094,2094,0,0,0,0,0,2094,2094,0;gh91=2818,2818,2828,2818,2818,2818,2818,2818,2818,2818;gl95=3556,0,0,0,3601,0,3606,3556,3506,3556;ds=2759,2759,2789,2759,2759,2759,2759,2759,2789,2759;pds=3059,3146,3176,3146,3146,0,0,0,0,0
2018-02-09|retail-2018-02-09.xls|0,0,0,0,0,0,0,0,0,0|gh95=2805,2805,2805,2805,2805,2805,2805,2805,2805,2805;e20=2554,2554,2554,2554,2554,0,2554,2554,2554,2554;e85=2074,2074,0,0,0,0,0,2074,2074,0;gh91=2778,2778,2788,2778,2778,2778,2778,2778,2778,2778;gl95=3516,0,0,0,3561,0,3566,3516,3466,3516;ds=2719,2719,2719,2719,2719,2719,2719,2719,2719,2719;pds=3019,3106,3106,3106,3106,0,0,0,0,0
2018-02-14|retail-2018-02-14.xls|0,0,0,0,0,0,5,0,0,0|gh95=2755,2755,2755,2755,2755,2755,2805,2755,2755,2755;e20=2504,2504,2504,2504,2504,0,2554,2504,2504,2504;e85=2044,2044,0,0,0,0,0,2044,2044,0;gh91=2728,2728,2738,2728,2728,2728,2778,2728,2728,2728;gl95=3466,0,0,0,3511,0,3566,3466,3466,3466;ds=2669,2669,2669,2669,2669,2669,2719,2669,2669,2669;pds=2969,3056,3056,3056,3056,0,0,0,0,0
2018-02-16|retail-2018-02-16.xls|0,0,0,0,0,0,0,0,0,0|gh95=2705,2705,2705,2705,2705,2705,2705,2705,2705,2705;e20=2454,2454,2454,2454,2454,0,2454,2454,2454,2454;e85=2014,2014,0,0,0,0,0,2014,2014,0;gh91=2678,2678,2688,2678,2678,2678,2678,2678,2678,2678;gl95=3416,0,0,0,3461,0,3466,3416,3416,3416;ds=2619,2619,2619,2619,2619,2619,2619,2619,2619,2619;pds=2919,3006,3006,3006,3006,0,0,0,0,0
2018-02-23|retail-2018-02-23_1521171897.xls|0,0,2,0,0,0,0,0,0,0|gh95=2755,2755,2755,2755,2755,2755,2755,2755,2755,2755;e20=2504,2504,2504,2504,2504,0,2504,2504,2504,2504;e85=2044,2044,0,0,0,0,0,2044,2044,0;gh91=2728,2728,2738,2728,2728,2728,2728,2728,2728,2728;gl95=3466,0,0,0,3511,0,3516,3466,3466,3466;ds=2669,2669,2669,2669,2669,2669,2669,2669,2669,2669;pds=2969,3056,3056,3056,3056,0,0,0,0,0
2018-03-01|retail-2018-03-01.xls|0,0,0,0,0,0,0,0,0,0|gh95=2785,2785,2785,2785,2785,2785,2785,2785,2785,2785;e20=2534,2534,2534,2534,2534,0,2534,2534,2534,2534;e85=2044,2044,0,0,0,0,0,2044,2044,0;gh91=2758,2758,2768,2758,2758,2758,2758,2758,2758,2758;gl95=3496,0,0,0,3541,0,3546,3496,3496,3496;ds=2709,2709,2709,2709,2709,2709,2709,2709,2709,2709;pds=3009,3096,3096,3096,3096,0,0,0,0,0
2018-03-22|retail-2018-03-22.xls|0,0,1,0,0,0,0,0,0,0|gh95=2775,2775,2775,2775,2775,2775,2775,2775,2775,2775;e20=2524,2524,2524,2524,2524,0,2524,2524,2524,2524;e85=2034,2034,0,0,0,0,0,2034,2034,0;gh91=2748,2748,2758,2748,2748,2748,2748,2748,2748,2748;gl95=3486,0,0,0,3531,0,3536,3486,3486,3486;ds=2699,2699,2699,2699,2699,2699,2699,2699,2699,2699;pds=2999,3086,3086,3086,3086,0,0,0,0,0
2018-03-24|retail-2018-03-24.xls|0,0,0,0,0,0,0,0,0,0|gh95=2805,2805,2805,2805,2805,2805,2805,2805,2805,2805;e20=2554,2554,2554,2554,2554,0,2554,2554,2554,2554;e85=2034,2034,0,0,0,0,0,2034,2034,0;gh91=2778,2778,2788,2778,2778,2778,2778,2778,2778,2778;gl95=3516,0,0,0,3561,0,3566,3516,3516,3516;ds=2729,2729,2729,2729,2729,2729,2729,2729,2729,2729;pds=3029,3116,3116,3116,3116,0,0,0,0,0
2018-03-29|13380_retail-2018-03-29.xls|0,0,1,0,0,0,0,0,0,0|gh95=2835,2835,2845,2835,2835,2835,2835,2835,2835,2835;e20=2584,2584,2594,2584,2584,0,2584,2584,2584,2584;e85=2034,2034,0,0,0,0,0,2034,2034,0;gh91=2808,2808,2828,2808,2808,2808,2808,2808,2808,2808;gl95=3546,0,0,0,3591,0,3596,3546,3546,3546;ds=2759,2759,2769,2759,2759,2759,2759,2759,2759,2759;pds=3059,3146,3156,3146,3146,0,0,0,0,0
2018-04-18|retail-2018-04-18.xls|0,0,5,0,0,0,0,0,0,0|gh95=2845,2845,2845,2845,2845,2845,2845,2845,2845,2845;e20=2594,2594,2594,2594,2594,0,2594,2594,2594,2594;e85=2044,2044,0,0,0,0,0,2044,2044,0;gh91=2818,2818,2828,2818,2818,2818,2818,2818,2818,2818;gl95=3556,0,0,0,3601,0,3606,3556,3556,3556;ds=2779,2779,2779,2779,2779,2779,2779,2779,2779,2779;pds=3079,3166,3166,3166,3166,0,0,0,0,0
2018-04-21|retail-2018-04-21.xls|0,0,0,0,0,0,0,0,0,0|gh95=2815,2815,2815,2815,2815,2815,2815,2815,2815,2815;e20=2564,2564,2564,2564,2564,0,2564,2564,2564,2564;e85=2044,2044,0,0,0,0,0,2044,2044,0;gh91=2788,2788,2798,2788,2788,2788,2788,2788,2788,2788;gl95=3526,0,0,0,3571,0,3576,3526,3526,3526;ds=2749,2749,2749,2749,2749,2749,2749,2749,2749,2749;pds=3049,3136,3136,3136,3136,0,0,0,0,0
2018-04-25|retail-2018-04-25.xls|0,0,0,0,0,0,0,0,0,0|gh95=2855,2855,2855,2855,2855,2855,2855,2855,2855,2855;e20=2604,2604,2604,2604,2604,0,2604,2604,2604,2604;e85=2064,2064,0,0,0,0,0,2064,2064,0;gh91=2828,2828,2838,2828,2828,2828,2828,2828,2828,2828;gl95=3566,0,0,0,3611,0,3616,3566,3566,3566;ds=2789,2789,2789,2789,2789,2789,2789,2789,2789,2789;pds=3089,3176,3176,3176,3176,0,0,0,0,0
2018-05-01|retail-2018-05-01.xls|0,0,3,0,0,0,0,0,0,0|gh95=2895,2895,2895,2895,2895,2895,2895,2895,2895,2895;e20=2644,2644,2644,2644,2644,0,2644,2644,2644,2644;e85=2084,2084,0,0,0,0,0,2084,2084,0;gh91=2868,2868,2878,2868,2868,2868,2868,2868,2868,2868;gl95=3606,0,0,0,3651,0,3656,3606,3606,3606;ds=2829,2829,2829,2829,2829,2829,2829,2829,2829,2829;pds=3129,3216,3216,3216,3216,0,0,0,0,0
2018-05-08|retail-2018-05-08.xls|0,0,0,0,0,0,0,0,0,0|gh95=2855,2855,2855,2855,2855,2855,2855,2855,2855,2855;e20=2604,2604,2604,2604,2604,0,2604,2604,2604,2604;e85=2064,2064,0,0,0,0,0,2064,2064,0;gh91=2828,2828,2838,2828,2828,2828,2828,2828,2828,2828;gl95=3566,0,0,0,3611,0,3616,3566,3566,3566;ds=2829,2829,2829,2829,2829,2829,2829,2829,2829,2829;pds=3129,3216,3216,3216,3216,0,0,0,0,0
2018-05-11|retail-2018-05-11.xls|0,0,1,0,1,0,0,0,0,0|gh95=2915,2915,2915,2915,2915,2915,2915,2915,2915,2915;e20=2664,2664,2664,2664,2664,0,2664,2664,2664,2664;e85=2104,2104,0,0,0,0,0,2104,2104,0;gh91=2888,2888,2898,2888,2888,2888,2888,2888,2888,2888;gl95=3626,0,0,0,3671,0,3676,3626,3626,3626;ds=2889,2889,2889,2889,2889,2889,2889,2889,2889,2889;pds=3189,3276,3276,3276,3276,0,0,0,0,0
2018-05-17|retail-2018-05-17.xls|0,0,0,0,0,0@09:06,0,0,0,0|gh95=2965,2965,2965,2965,2965,2965,2965,2965,2965,2965;e20=2714,2714,2714,2714,2714,0,2714,2714,2714,2714;e85=2134,2134,0,0,0,0,0,2134,2134,0;gh91=2938,2938,2938,2938,2938,2938,2938,2938,2938,2938;gl95=3676,0,0,0,3721,0,3726,3676,3676,3676;ds=2939,2939,2939,2939,2939,2939,2939,2939,2939,2939;pds=3239,3326,3326,3326,3326,0,0,0,0,0
2018-05-19|retail-2018-05-19.xls|0,0,0,0,0,0,0,0,0@06:25,0|gh95=3025,3025,3025,3025,3025,3025,3025,3025,3025,3025;e20=2774,2774,2774,2774,2774,0,2774,2774,2774,2774;e85=2174,2174,0,0,0,0,0,2174,2174,0;gh91=2998,2998,2998,2998,2998,2998,2998,2998,2998,2998;gl95=3736,0,0,0,3781,0,3786,3736,3736,3736;ds=2979,2979,2979,2979,2979,2979,2979,2979,2979,2979;pds=3279,3366,3366,3366,3366,0,0,0,0,0
2018-05-26|retail-2018-05-26.xls|0,0,0,0,0,0,0,0,0@05:37,0|gh95=2975,2975,2975,2975,2975,2975,2975,2975,2975,2975;e20=2724,2724,2724,2724,2724,0,2724,2724,2724,2724;e85=2144,2144,0,0,0,0,0,2144,2144,0;gh91=2948,2948,2948,2948,2948,2948,2948,2948,2948,2948;gl95=3686,0,0,0,3731,0,3736,3686,3686,3686;ds=2929,2929,2929,2929,2929,2929,2929,2929,2929,2929;pds=3229,3316,3316,3316,3316,0,0,0,0,0
2018-05-29|retail-2018-05-29.xls|0,0,0,0,0,0,0,0,0,0|gh95=2925,2925,2925,2925,2925,2925,2925,2925,2925,2925;e20=2674,2674,2674,2674,2674,0,2674,2674,2674,2674;e85=2114,2114,0,0,0,0,0,2114,2114,0;gh91=2898,2898,2898,2898,2898,2898,2898,2898,2898,2898;gl95=3636,0,0,0,3681,0,3686,3636,3636,3636;ds=2879,2879,2879,2879,2879,2879,2879,2879,2879,2879;pds=3179,3266,3266,3266,3266,0,0,0,0,0
2018-06-01|retail-2018-06-01.xls|3,3,0,3,3,3,3,3,3,3|gh95=2925,2925,2955,2925,2925,2925,2925,2925,2925,2925;e20=2674,2674,2704,2674,2674,0,2674,2674,2674,2674;e85=2114,2114,0,0,0,0,0,2114,2114,0;gh91=2898,2898,2928,2898,2898,2898,2898,2898,2898,2898;gl95=3636,0,0,0,3681,0,3686,3636,3636,3636;ds=2879,2879,2909,2879,2879,2879,2879,2879,2879,2879;pds=3179,3266,3296,3266,3266,0,0,0,0,0
2018-06-02|retail-2018-06-02.xls|4,4,0,4,4,4,4,4,4,4|gh95=2925,2925,2925,2925,2925,2925,2925,2925,2925,2925;e20=2674,2674,2674,2674,2674,0,2674,2674,2674,2674;e85=2114,2114,0,0,0,0,0,2114,2114,0;gh91=2898,2898,2898,2898,2898,2898,2898,2898,2898,2898;gl95=3636,0,0,0,3681,0,3686,3636,3636,3636;ds=2879,2879,2879,2879,2879,2879,2879,2879,2879,2879;pds=3179,3266,3266,3266,3266,0,0,0,0,0
2018-06-10|retail-2018-06-10.xls|12,12,0,12,12,12,12,12,12,12|gh95=2925,2925,2965,2925,2925,2925,2925,2925,2925,2925;e20=2674,2674,2714,2674,2674,0,2674,2674,2674,2674;e85=2114,2114,0,0,0,0,0,2114,2114,0;gh91=2898,2898,2938,2898,2898,2898,2898,2898,2898,2898;gl95=3636,0,0,0,3681,0,3686,3636,3636,3636;ds=2879,2879,2879,2879,2879,2879,2879,2879,2879,2879;pds=3179,3266,3266,3266,3266,0,0,0,0,0
2018-06-14|retail-2018-06-14.xls|16,16,0,16,16,16,16,16,16,16|gh95=2925,2925,2925,2925,2925,2925,2925,2925,2925,2925;e20=2674,2674,2674,2674,2674,0,2674,2674,2674,2674;e85=2114,2114,0,0,0,0,0,2114,2114,0;gh91=2898,2898,2898,2898,2898,2898,2898,2898,2898,2898;gl95=3636,0,0,0,3681,0,3686,3636,3636,3636;ds=2879,2879,2879,2879,2879,2879,2879,2879,2879,2879;pds=3179,3266,3266,3266,3266,0,0,0,0,0
2018-06-30|retail-2018-06-30.xls|32,32,0,32,32,32,32,32,32,32|gh95=2925,2925,2985,2925,2925,2925,2925,2925,2925,2925;e20=2674,2674,2734,2674,2674,0,2674,2674,2674,2674;e85=2114,2114,0,0,0,0,0,2114,2114,0;gh91=2898,2898,2958,2898,2898,2898,2898,2898,2898,2898;gl95=3636,0,0,0,3681,0,3686,3636,3636,3636;ds=2879,2879,2909,2879,2879,2879,2879,2879,2879,2879;pds=3179,3266,3296,3266,3266,0,0,0,0,0
2018-07-03|retail-2018-07-03.xls|35,35,3,35,0,35,35,35,35,35|gh95=2925,2925,2985,2925,2985,2925,2925,2925,2925,2925;e20=2674,2674,2734,2674,2734,0,2674,2674,2674,2674;e85=2114,2114,0,0,0,0,0,2114,2114,0;gh91=2898,2898,2958,2898,2958,2898,2898,2898,2898,2898;gl95=3636,0,0,0,3741,0,3686,3636,3636,3636;ds=2879,2879,2909,2879,2919,2879,2879,2879,2879,2879;pds=3179,3266,3296,3266,3306,0,0,0,0,0
2018-07-07|retail-2018-07-07.xls|0,0@08:51,7,0,0,0,0@00:00,0,0,0|gh95=2965,2965,2985,2965,2965,2965,2965,2965,2965,2965;e20=2674,2674,2734,2674,2674,0,2674,2674,2674,2674;e85=2114,2114,0,0,0,0,0,2114,2114,0;gh91=2938,2938,2958,2938,2938,2938,2938,2938,2938,2938;gl95=3676,0,0,0,3721,0,3726,3676,3676,3676;ds=2919,2919,2909,2919,2919,2919,2919,2919,2919,2919;pds=3219,3306,3296,3306,3306,0,0,0,0,0
2018-07-09|retail-2018-07-09.xls|2,2@08:51,9,0,2,2,2@00:00,2,2,2|gh95=2965,2965,2985,2965,2965,2965,2965,2965,2965,2965;e20=2674,2674,2734,2674,2674,0,2674,2674,2674,2674;e85=2114,2114,0,0,0,0,0,2114,2114,0;gh91=2938,2938,2958,2938,2938,2938,2938,2938,2938,2938;gl95=3676,0,0,0,3721,0,3726,3676,3676,3676;ds=2919,2919,2909,2909,2919,2919,2919,2919,2919,2919;pds=3219,3306,3296,3296,3306,0,0,0,0,0
2018-07-10|retail-2018-07-10.xls|0,0,10,1,0,0,0,0,0,0|gh95=2965,2965,2985,2965,2965,2965,2965,2965,2965,2965;e20=2674,2674,2734,2674,2674,0,2674,2674,2674,2674;e85=2114,2114,0,0,0,0,0,2114,2114,0;gh91=2938,2938,2958,2938,2938,2938,2938,2938,2938,2938;gl95=3676,0,0,0,3721,0,3726,3676,3676,3676;ds=2909,2909,2909,2909,2909,2909,2909,2909,2909,2909;pds=3209,3296,3296,3296,3296,0,0,0,0,0
